219 402,403,404
217 215,402 62
215 180,217 29
180 181,215 0,1,2,3
181 182,180 4,29
182 181,183 5,30
183 182,184 6,31
184 183,185 7,32
185 184,186 8,33
186 185,187 9,34
187 186,188 10,35
188 187,189 11,36
189 188,190 12,37
190 189,191 13,38
191 190,192 14,39
192 191,193 15,40
193 192,194 16,41
194 193,195 17,42
195 194,196 18,43
196 195,197 19,44
197 196,198 20,45
198 197,199 21,46
199 198,200 22,47
200 199,201 23,48
201 200,202 24,49
202 201,203 25,50
203 202,204 26,51
204 203,205 27,52
205 204,206 28,53
206 205,207 54
207 206,208 55
208 207,209 56
209 208,210 57
210 209,211 58
211 210,212 59
212 211,213 60
213 212,214 61
214 213,216
216 214,218 61
218 216,253 94
253 218,252,255
252 251,253 94,125
251 250,252 93,124
250 249,251 92,123
249 248,250 91,122
248 247,249 90,121
247 246,248 89,120
246 245,247 88,119
245 244,246 87,118
244 243,245 86,117
243 242,244 85,116
242 241,243 84,115
241 240,242 83,114
240 239,241 82,113
239 238,240 81,112
238 237,239 80,111
237 236,238 79,110
236 235,237 78,109
235 234,236 77,108
234 233,235 76,107
233 232,234 75,106
232 231,233 74,105
231 230,232 73,104
230 229,231 72,103
229 228,230 71,102
228 227,229 70,101
227 226,228 69,100
226 225,227 68,99
225 224,226 67,98
224 223,225 66,97
223 222,225 65,96
222 221,223 64,95
221 220,222 63
220 221,403 62
254 256,404 95
256 254,258 126
258 256,259 156,157,158
259 258,260 126,159
260 259,261 127,160
261 260,262 128,161
262 261,263 129,162
263 262,264 130,163
264 263,265 131,164
265 264,266 132,165
266 265,267 133,166
267 266,268 134,167
268 267,269 135,168
269 268,270 136,169
270 269,271 137,170
271 270,272 138,171
272 271,273 139,172
273 272,274 140,173
274 273,275 141,174
275 274,276 142,175
276 275,277 143,176
277 276,278 144,177
278 277,279 145,178
279 278,280 146
280 279,281 147
281 280,282 148
282 281,283 149
283 282,284 150
284 283,285 151
285 284,286 152
286 285,287 153
287 286,288 154
288 287,289 155
289 288,257
257 255,289 155
255 253,257 125
402 219,217
403 219,220
404 219,254